3992.44516411
4129.50407411
4260.54456411
4374.58749411
4471.64025411
4657.71956411
4786.76215411
4901.78909411
5002.83677411
5115.92083411
5172.94229411
5273.98997411
5403.03256411
5500.08532411
5637.14423411
5800.20756411
5947.27597411
6076.31856411
6175.38697411
6304.42956411
6375.46667411
6488.55073411
6602.59366411
6701.66207411
6815.70500411
6914.77341411
7077.83674411
7174.88950411
7231.91096411
7330.97937411
7446.00631411
7545.07472411
7642.12748411
7771.17007411
7900.21266411
8031.25315411
8194.31648411
8322.41144411
8421.47985411
8552.52034411
8609.54180411
8723.58473411
8851.64331411
9007.74442411
9193.82373411
9306.90779411
9419.99185411
9567.06026411
9680.14432411
9827.21273411
9926.28114411
10063.3400541
10219.4411641
10333.4840941
10461.5426741
10558.5954341
10686.6903941
10823.7493041
10951.8442641
11082.8847541
11219.9436641
11367.0120741
11464.0648341
11593.1074241
11664.1445341
11827.2078641
11983.3089741
12040.3304341
12127.3624641
12283.4635741
12398.4905141
12495.5432741
12658.6066041
12757.6750141
12814.6964741
12942.7914341
13043.8391141
13206.9024441
13277.9395541
13380.9487441
13451.9858541
13551.0542641
13622.0913741
13759.1502841
13906.2186941
14034.3136541
14181.3820641
14309.4770241
14396.5090541
14524.6040141
